First line
second line
india line
First line
second line
india line
0	0	0	0	
0	0	0	0	
0	0	0	0	
70.85780021035953	57.44195705631301	53.96254469036014	5.553707230579652	
49.67095816291916	62.88420182638221	92.17846255307272	57.592648717243556	
72.48271736544851	87.22645355352718	96.38788524030127	53.837105891101665	
7.970940453071929	64.75048295915131	66.49027641315618	16.475726204990792	
54.64269908433494,28.18126602045178,10.305004544034757,47.63340483000147,
26.627137374910724,91.84969931244825,96.94270931739754,5.296429050110662,
14.491725447496917,45.51671098305721,82.38310026885108,24.437634854722113,
74.26784214998825,3.0135244734595945,20.11833140653132,52.931152342370844,
